1000
93
95
14
48
94
59
41
90
48
90
94
41
48
42
48
78
92
59
49
67
36
65
100
30
85
30
43
15
63
24
74
55
70
76
10
75
29
46
54
30
97
80
87
57
74
72
99
74
95
66
39
53
30
46
22
86
67
47
74
43
32
96
15
60
31
48
15
67
32
82
36
36
86
95
45
80
60
100
23
39
100
68
44
38
30
44
75
61
42
47
42
91
50
89
59
75
42
92
99
60
35
19
11
49
96
17
95
66
43
31
22
65
80
100
51
82
27
10
64
73
97
68
36
12
40
11
79
90
61
98
37
91
81
35
27
12
97
27
44
97
37
80
94
28
66
19
21
12
25
61
23
93
32
19
23
45
44
88
54
72
84
57
97
44
16
54
25
93
65
62
25
99
21
89
40
65
11
59
32
55
13
73
35
26
89
63
78
52
11
26
59
12
57
18
77
31
40
55
49
38
54
91
48
77
81
69
18
29
58
40
80
30
42
29
24
15
23
56
20
88
89
24
100
29
28
83
18
20
40
54
40
87
31
56
18
69
64
35
95
72
54
77
75
98
12
22
75
55
78
93
70
94
75
52
73
98
69
46
18
48
64
78
44
46
65
33
33
76
56
88
90
33
28
20
50
53
37
56
24
95
97
81
53
64
63
76
69
46
54
40
28
39
31
74
97
59
58
65
85
32
75
76
21
25
32
48
45
55
26
95
44
62
29
67
83
43
10
41
37
61
34
11
79
64
37
22
16
28
97
58
44
23
28
85
76
26
64
73
98
26
97
88
55
32
92
42
60
14
63
29
48
10
25
73
22
27
75
25
67
85
84
87
30
23
16
17
92
92
22
61
35
21
79
56
43
67
52
39
26
40
73
75
91
85
77
31
61
52
24
96
60
39
96
35
99
76
99
74
23
29
37
32
22
90
18
81
33
80
72
54
62
72
23
30
48
19
19
31
91
40
53
90
65
92
53
11
36
70
64
52
12
20
87
84
31
19
57
12
17
76
58
35
97
25
23
19
98
10
55
17
20
59
52
63
62
64
64
100
21
28
54
90
82
94
59
62
49
20
88
51
34
10
21
48
61
62
42
90
94
76
74
56
68
27
65
77
72
67
12
31
46
43
44
17
71
49
32
68
31
15
82
99
59
91
45
36
59
22
41
55
34
86
83
16
24
96
63
15
20
70
15
21
56
35
61
17
16
76
34
44
42
22
50
68
80
25
35
30
83
20
78
16
72
63
41
90
52
67
57
44
18
31
26
74
78
23
33
53
99
53
77
91
51
68
46
43
93
31
89
54
96
98
79
60
32
28
13
84
80
33
28
79
30
42
46
99
43
68
70
21
38
58
66
78
31
15
41
78
86
64
84
45
61
20
84
24
92
26
37
11
34
84
98
57
17
42
41
76
82
59
98
85
72
13
31
98
62
44
33
12
14
92
87
16
75
33
14
22
83
58
55
49
60
27
71
42
100
20
67
53
22
41
38
41
54
25
94
68
71
25
89
18
33
87
59
72
31
27
69
99
83
76
58
27
65
10
68
89
92
49
95
37
78
88
10
73
42
15
49
54
57
69
62
42
94
42
71
37
64
90
28
79
73
33
85
88
28
22
59
71
44
27
33
73
13
50
75
38
42
66
42
45
74
34
21
50
86
36
76
45
68
13
68
96
25
10
16
76
21
38
28
12
43
55
15
52
86
32
80
68
43
46
44
23
74
17
40
69
85
52
54
86
39
35
68
89
92
24
28
74
19
21
53
56
72
40
26
34
69
73
41
63
44
83
35
12
64
13
86
28
57
88
24
15
63
81
80
41
57
85
95
11
47
63
30
26
19
99
31
65
72
21
18
56
80
11
60
26
90
47
66
62
34
82
43
45
38
89
41
56
88
68
97
82
32
82
34
88
61
26
13
17
18
35
45
67
20
61
86
97
76
79
22
79
76
68
39
17
45
72
13
35
72
15
70
45
61
90
27
18
24
82
46
51
92
62
65
90
63
93
46
47
78
71
65
54
47
18
19
16
90
63
92
66
100
47
74
84
67
96
16
84
71
71
37
17
19
82
24
90
49
10
59
32
10
67
71
69
39
21
88
97
69
79
20
31
73
30
51
42
52
87
96
31
47
58
54
24
76
76
17
21
25
94
74
88
66
92
80
58
47
24
17
59
16
26
17
21
30
16
84
32
29
95
93
70
41
51
40
50
82
29
93
54
48
83
20
62
96
57
78
16
84
10
32
30
100
52
82
59
85
61
96
77
53
66
96
90
40
24
